Total time for 50 rank1 operations on 30 vectors sizes are from (15000 to 165000) values are in miliseconds.
vectors are all zeros except for every length/100th element

Rank overhead with small sized vectors (100 to 700):
2380, 2777, 2883, 3204, 3845, 4165, 4486, 4806, 5447, 5767, 6088, 6408, 7049, 7369, 7690, 8010, 8651, 8972, 9292, 9613, 10253, 9933, 10406, 10879, 11352, 11352, 11825, 12298, 12771, 13244,
Rank overhead with large vectors:
267013, 355728, 444442, 533157, 609298, 696182, 784179, 871063, 957946, 1044830, 1131713, 1218597, 1305480, 1392364, 1480361, 1567245, 1654129, 1741012, 1827896, 1914779, 2001663, 2088546, 2176544, 2263427, 2314712, 2400802, 2486892, 2571594, 2657684, 2743774,
Rank times with large veectors:
0.180399, 0.193059, 0.286319, 0.219235, 0.222762, 0.219622, 0.2276, 0.235304, 0.242394, 0.245671, 0.38621, 0.438132, 0.245468, 0.27786, 0.272171, 0.23755, 0.242664, 0.534781, 0.239561, 0.243838, 0.240043, 0.247306, 0.240056, 0.239362, 0.265336, 0.26451, 0.265779, 0.297052, 0.265564, 0.25901,

Select times with large vectors:
267013, 267013, 355728, 355728, 444442, 444442, 533157, 533157, 609298, 609298, 696182, 696182, 784179, 784179, 871063, 871063, 957946, 957946, 1044830, 1044830, 1131713, 1131713, 1218597, 1218597, 1305480, 1305480, 1392364, 1392364, 1480361, 1480361, 1567245, 1567245, 1654129, 1654129, 1741012, 1741012, 1827896, 1827896, 1914779, 1914779, 2001663, 2001663, 2088546, 2088546, 2176544, 2176544, 2263427, 2263427, 2314712, 2314712, 2400802, 2400802, 2486892, 2486892, 2571594, 2571594, 2657684, 2657684, 2743774, 2743774,
Select times with large vectors:
0.405916, 0.445032, 0.437584, 0.461863, 0.736861, 0.547723, 0.691816, 0.50473, 0.507318, 0.678547, 0.737746, 0.576153, 0.604463, 0.570685, 0.575936, 0.799493, 0.581766, 0.60473, 0.58629, 0.594617, 0.598577, 0.755498, 0.588681, 0.59373, 0.788098, 0.704024, 0.692408, 0.662295, 0.669535, 0.86282,


(100.000 to 1.000.000)
Sparsity 0.01
Printing get_at_rank times:
0.015839, 0.01828, 0.02047, 0.021383, 0.022304, 0.020529, 0.021318, 0.022635, 0.02306, 0.022433,
Printing get_at_index times:
0.004651, 0.006175, 0.006281, 0.007793, 0.010293, 0.00787, 0.007944, 0.008996, 0.009654, 0.008961,
Printing sizes:
1765036, 3477742, 5215212, 6954071, 8691541, 10306377, 12024103, 13741828, 15459554, 17177279,

Sparsity 0.05
Printing get_at_rank times:
0.017385, 0.018098, 0.019003, 0.019128, 0.020651, 0.021817, 0.021667, 0.021691, 0.024259, 0.023663,
Printing get_at_index times:
0.004768, 0.007757, 0.006339, 0.008, 0.008296, 0.007366, 0.008077, 0.008129, 0.011506, 0.009623,
Printing sizes:
1861036, 3669742, 5503212, 7338071, 9171541, 10882377, 12696103, 14509828, 16323554, 18137279,

Printing get_at_rank times:
0.016957, 0.019055, 0.016807, 0.022305, 0.022814, 0.021428, 0.022366, 0.02294, 0.040351, 0.024029,
Printing get_at_index times:
0.004954, 0.005939, 0.006447, 0.008495, 0.007192, 0.007796, 0.008095, 0.007218, 0.008711, 0.009531,
Printing sizes:
1981036, 3909742, 5863212, 7818071, 9771541, 11602377, 13536103, 15469828, 17403554, 19337279,
Process finished with exit code 0



