Total time for 50 rank1 operations on 30 vectors sizes are from (15000 to 165000) values are in miliseconds.
vectors are all zeros except for every length/100th element

Rank overhead with small sized vectors (100 to 700):
2380, 2777, 2883, 3204, 3845, 4165, 4486, 4806, 5447, 5767, 6088, 6408, 7049, 7369, 7690, 8010, 8651, 8972, 9292, 9613, 10253, 9933, 10406, 10879, 11352, 11352, 11825, 12298, 12771, 13244,
Rank overhead with large vectors:
267013, 355728, 444442, 533157, 609298, 696182, 784179, 871063, 957946, 1044830, 1131713, 1218597, 1305480, 1392364, 1480361, 1567245, 1654129, 1741012, 1827896, 1914779, 2001663, 2088546, 2176544, 2263427, 2314712, 2400802, 2486892, 2571594, 2657684, 2743774,
Rank times with large veectors:
0.180399, 0.193059, 0.286319, 0.219235, 0.222762, 0.219622, 0.2276, 0.235304, 0.242394, 0.245671, 0.38621, 0.438132, 0.245468, 0.27786, 0.272171, 0.23755, 0.242664, 0.534781, 0.239561, 0.243838, 0.240043, 0.247306, 0.240056, 0.239362, 0.265336, 0.26451, 0.265779, 0.297052, 0.265564, 0.25901,

Select times with large vectors:
267013, 267013, 355728, 355728, 444442, 444442, 533157, 533157, 609298, 609298, 696182, 696182, 784179, 784179, 871063, 871063, 957946, 957946, 1044830, 1044830, 1131713, 1131713, 1218597, 1218597, 1305480, 1305480, 1392364, 1392364, 1480361, 1480361, 1567245, 1567245, 1654129, 1654129, 1741012, 1741012, 1827896, 1827896, 1914779, 1914779, 2001663, 2001663, 2088546, 2088546, 2176544, 2176544, 2263427, 2263427, 2314712, 2314712, 2400802, 2400802, 2486892, 2486892, 2571594, 2571594, 2657684, 2657684, 2743774, 2743774,
Select times with large vectors:
0.405916, 0.445032, 0.437584, 0.461863, 0.736861, 0.547723, 0.691816, 0.50473, 0.507318, 0.678547, 0.737746, 0.576153, 0.604463, 0.570685, 0.575936, 0.799493, 0.581766, 0.60473, 0.58629, 0.594617, 0.598577, 0.755498, 0.588681, 0.59373, 0.788098, 0.704024, 0.692408, 0.662295, 0.669535, 0.86282,


(100.000 to 1.000.000)
Sparsity 0.01
Printing get_at_rank times:
0.001935, 0.001912, 0.001947, 0.001917, 0.002052, 0.00192, 0.001927, 0.001868, 0.00192, 0.00195,
Printing get_at_index times:
0.002759, 0.00268, 0.002527, 0.002673, 0.002477, 0.002663, 0.002781, 0.002684, 0.002884, 0.002628,
Printing sizes:
1741312, 3430318, 5144088, 6859247, 8573017, 10164153, 11858179, 13552204, 15246230, 16940255,

Sparsity 0.05
Printing get_at_rank times:
0.001872, 0.00204, 0.002638, 0.00191, 0.00192, 0.001937, 0.002046, 0.001909, 0.002054, 0.002097,
Printing get_at_index times:
0.002481, 0.002454, 0.004052, 0.002862, 0.002904, 0.002835, 0.003048, 0.002776, 0.002988, 0.003274,
Printing sizes:
1741015, 3429721, 5143191, 6858050, 8571520, 10162356, 11856082, 13549807, 15243533, 16937258,

Printing get_at_rank times:
0.001817, 0.001919, 0.00193, 0.002049, 0.001846, 0.002976, 0.001923, 0.002017, 0.002108, 0.001933,
Printing get_at_index times:
0.002358, 0.002605, 0.002839, 0.002956, 0.00281, 0.004106, 0.003237, 0.003361, 0.00331, 0.004097,
Printing sizes:
1741015, 3429721, 5143191, 6858050, 8571520, 10162356, 11856082, 13549807, 15243533, 16937258,



